280 360 269 270 185 84 351 284 186 194 352 299 252 323 121 67 3 364 14 336 56 68 15 209 57 111 146 292 277 127 94 241 278 303 255 26 329 344 43 141 44 374 307 265 117 102 180 202 74 77 11 308 248 249 217 78 
54 171 172 194 55 299 108 237 2 220 221 222 326 327 112 198 137 113 42 62 141 6 64 307 117 161 331 332 182 119 204 31 282 46 122 146 128 70 98 166 372 35 267 216 348 
236 350 19 105 218 20 21 271 133 195 107 220 135 38 39 327 176 356 42 114 159 330 141 6 307 29 358 77 309 204 184 144 86 87 206 312 252 363 366 367 288 337 146 126 148 316 129 96 256 70 370 341 212 259 234 130 373 132 72 235 215 216 52 348 104 321 
37 236 218 106 133 272 273 353 154 155 275 157 38 40 176 356 114 115 159 160 63 64 307 76 66 331 251 81 143 281 144 205 31 334 85 88 206 33 253 229 364 124 365 92 16 146 230 316 231 70 370 232 165 259 258 342 233 234 130 373 71 132 149 319 318 235 103 152 297 104 
170 270 271 220 221 134 222 325 326 138 226 6 10 142 76 331 143 82 86 335 285 91 92 146 94 17 340 342 233 234 99 296 103 236 193 107 353 154 237 355 110 198 61 356 305 63 28 358 65 247 119 204 251 31 206 252 207 362 122 364 366 209 126 210 128 316 70 370 165 166 372 35 132 213 318 214 167 216 321 
350 133 273 154 324 220 275 238 57 325 40 58 60 61 225 114 304 279 115 159 140 307 142 77 251 80 81 281 31 312 33 188 253 313 123 91 288 92 16 146 147 148 293 164 48 231 369 370 190 50 259 34 100 131 261 73 297 52 
0 144 69 176 368 32 370 361 189 196 372 109 178 306 64 374 124 91 366 157 38 10 125 291 183 309 
37 236 0 218 170 20 106 271 133 301 196 109 157 39 223 325 40 59 327 175 242 176 114 178 201 306 307 179 10 65 331 119 30 281 82 31 85 206 32 361 253 189 124 91 366 125 146 291 126 94 164 230 315 128 18 69 70 368 370 232 371 234 372 34 130 343 71 132 214 152 297 104 320 321 
236 79 80 105 281 83 311 133 273 188 313 220 275 221 223 146 40 147 291 148 293 60 41 225 70 369 370 114 279 50 166 159 234 34 35 100 261 307 103 73 77 104 45 251 
169 298 19 172 270 194 299 153 273 1 2 3 156 134 354 174 239 39 240 23 57 276 59 327 302 241 243 25 199 62 138 139 63 140 141 8 307 29 247 249 251 280 333 360 13 284 186 311 252 120 121 229 123 14 365 208 336 47 15 146 291 163 126 93 148 338 339 316 96 49 294 256 370 50 98 257 342 233 234 344 101 345 319 102 151 347 73 74 104 75 
169 350 219 171 270 172 194 237 173 2 3 220 274 156 56 110 57 277 24 302 112 197 278 328 198 137 305 141 64 357 29 142 358 202 162 309 78 280 333 282 283 284 186 335 287 90 336 367 68 209 290 292 163 96 97 255 256 70 370 257 234 131 295 51 262 149 296 102 266 150 347 268 53 
333 283 186 194 89 300 229 336 354 56 238 239 209 110 57 276 16 291 126 277 254 224 127 4 70 199 304 158 98 330 177 372 141 357 266 180 246 168 249 162 250 204 
192 169 19 270 172 55 299 153 273 322 3 134 239 23 110 57 325 224 327 302 112 304 158 329 177 141 44 357 307 227 247 118 308 332 250 280 333 31 185 312 187 120 89 286 229 145 367 68 47 15 209 290 146 164 96 49 294 255 370 257 98 166 317 131 51 262 74 36 349 53 217 
19 172 194 133 195 22 1 322 220 134 238 174 240 23 57 111 4 241 243 61 303 25 199 158 26 329 138 63 141 7 64 245 8 9 29 117 142 180 359 181 202 77 118 308 203 309 78 280 360 184 12 13 185 84 284 252 120 89 314 364 15 209 290 291 292 338 127 339 97 294 70 370 211 98 101 262 345 346 191 216 349 75 217 
19 170 269 270 21 271 194 352 133 22 322 2 220 134 135 222 174 39 240 110 276 277 112 278 303 136 244 200 158 139 160 63 140 226 6 7 28 64 245 9 227 307 29 161 358 180 181 247 202 66 77 308 203 182 204 251 280 81 13 282 284 186 335 312 252 121 67 314 364 14 336 367 68 92 291 292 126 339 95 97 96 294 70 370 232 257 372 260 344 295 345 132 346 266 235 216 321 75 217 
37 192 106 172 133 299 195 272 156 135 57 325 5 113 27 141 7 64 307 331 183 45 204 82 144 205 31 334 86 88 335 206 187 46 287 365 208 366 289 146 230 316 256 70 370 98 342 372 234 35 131 132 264 319 235 74 152 215 216 52 168 348 320 
54 236 192 298 19 219 171 351 194 153 195 108 1 300 322 3 220 156 134 39 325 58 59 327 302 5 328 42 304 158 26 62 329 177 139 43 7 44 116 64 245 357 227 307 179 29 117 180 65 77 332 204 251 280 333 310 31 283 86 186 335 312 187 120 286 287 228 229 364 14 336 145 15 126 254 127 96 49 294 370 98 371 131 295 262 263 132 267 151 347 74 216 168 
