87 81 90 56 58 99 78 1 113 111 3 63 17 46 93 73 100 7 43 101 55 22 23 75 
51 58 99 0 65 66 106 60 18 43 20 101 107 35 61 9 89 46 21 29 50 117 11 64 
71 4 31 5 82 40 65 12 106 54 34 49 43 101 8 23 102 61 45 26 62 103 78 115 46 36 47 104 28 21 116 80 70 37 118 39 64 30 
71 32 40 83 84 13 54 34 49 19 20 101 107 77 88 45 9 109 25 62 10 68 113 114 46 69 104 21 116 80 70 37 118 39 97 30 
81 82 65 66 41 105 44 107 24 26 110 27 46 70 71 33 60 19 74 35 61 77 9 62 78 113 115 63 36 104 21 116 50 117 11 39 64 
40 84 65 17 105 13 34 86 49 42 101 44 23 77 88 9 103 10 27 46 47 94 116 15 80 38 97 
45 54 116 59 117 20 27 115 92 102 
71 5 32 82 40 59 12 105 13 106 54 34 101 107 35 88 24 9 25 62 27 115 46 92 36 69 21 116 70 117 37 39 97 30 
71 31 88 40 84 65 66 46 13 92 47 94 21 116 34 86 15 50 49 70 11 101 23 30 77 
98 4 51 81 58 99 84 0 1 41 53 12 72 6 17 85 106 73 18 19 42 43 101 8 74 77 87 108 2 90 56 78 68 114 111 3 46 92 36 47 104 28 14 95 116 15 29 79 70 112 22 30 
81 51 58 52 0 1 65 33 17 60 43 20 8 44 102 87 108 89 90 56 110 91 111 63 93 28 21 116 79 70 38 96 16 
108 56 58 68 111 63 33 17 85 92 36 21 48 29 117 43 55 76 61 
4 81 51 99 84 1 41 6 33 17 105 106 48 43 101 74 76 87 108 9 103 57 68 3 63 46 28 14 95 116 79 29 50 38 16 22 
4 51 58 40 65 41 53 72 6 17 73 100 48 7 19 43 20 8 44 55 23 102 87 2 90 78 113 3 63 92 93 95 21 116 29 112 64 
4 81 82 58 40 0 65 41 53 12 72 33 85 100 48 19 42 20 101 8 55 74 23 61 77 87 2 89 90 56 110 103 78 113 111 92 93 36 28 95 21 116 79 117 96 112 39 64 
32 51 40 99 83 17 105 43 20 101 107 61 24 45 9 109 26 110 62 57 91 114 115 46 69 104 21 116 29 117 70 11 38 39 22 64 
71 98 4 58 1 65 41 12 105 106 48 7 18 20 101 8 55 23 61 77 87 108 9 26 56 110 103 57 91 67 68 113 111 3 36 28 14 95 116 29 38 96 39 22 64 
